a1 -0.0106 0.0077 -0.1572 -0.0763 -0.0395 -0.0201
b1 -0.1108 -0.0419 -0.2861 -0.1506 -0.0075 -0.0063
a2 -0.1211 -0.0080 -0.1195 -0.0837 -0.0314 -0.0751
b2 -0.0170 -0.0442 -0.0632 -0.0199 -0.0143 -0.0270
a3 -0.0016 -0.0036 0.0779 0.0672 -0.0027 -0.0045
b3 0.0173 -0.0265 0.0130 -0.0058 -0.0004 0.0088
a4 0.0529 0.0312 0.0856 0.0288 -0.0207 0.0334
b4 -0.0514 0.0037 -0.0737 -0.0319 -0.0008 -0.0163
a5 -0.0105 -0.0034 -0.0086 -0.0061 0.0011 -0.0010
b5 -0.0250 0.0040 0.0347 0.0595 -0.0046 -0.0040
a6 0.0231 0.0332 0.0015 0.0185 0.0099 -0.0145
b6 -0.0295 -0.0188 0.0675 -0.0181 -0.0037 0.0299
a7 0.0125 -0.0034 -0.0034 -0.0624 -0.0060 -0.0023
b7 0.0070 -0.0057 -0.0102 -0.0040 0.0033 0.0011
a8 -0.0059 -0.0231 -0.0281 0.0436 -0.0268 -0.0115
b8 -0.0092 -0.0365 -0.0136 0.0367 0.0019 -0.0166
c 0.9968 1.0003 1.0124 1.0034 1.0184 1.0006